1 413 359 170
2 403 343 210
3 383.5 351 220
4 381 377.5 170
5 339 376 210
6 335 383 250
7 317 362 240
8 334.5 353.5 240
9 333 342 210
10 282 325 160
11 247 301 260
12 219 316 240
13 225 270 220
14 280 292 250
15 290 335 210
16 337 328 260
17 415 335 250
18 432 371 190
19 418 374 180
20 444 394 190
21 251 277 140
22 234 271 140
23 225 265 240
24 212 290 110
25 227 300 160
26 256 301 120
27 250.5 306 80
28 243 328 130
29 246 337 140
30 314 367 210
31 315 351 160
32 326 355 150
33 327 350 140
34 328 342.5 170
35 336 339 140
36 336 334 110
37 331 335 10
38 371 330 120
39 371 333 140
40 388.5 330.5 170
41 411 327.5 140
42 419 344 140
43 411 343 170
44 394 346 110
45 342 342 140
46 342 348 120
47 325 372 160
48 315 374 140
49 342 372 120
50 345 382 110
51 348.5 380.5 80
52 351 377 60
53 348 369 140
54 370 363 90
55 371 353 100
56 354 374 50
57 363 382.5 80
58 357 387 110
59 351 382 90
60 369 388 70
61 335 395 60
62 381 381 120
63 391 375 140
64 392 366 80
65 395 361 70
66 398 362 80
67 401 359 80
68 405 360 90
69 410 355 110
70 408 350 90
71 415 351 110
72 418 347 80
73 422 354 90
74 418.5 356 110
75 405.5 364.5 80
76 405 368 110
77 409 370 80
78 417 364 80
79 420 370 80
80 424 372 80
81 438 368 140
82 438.5 373 110
83 434 376 90
84 438 385 100
85 440 392 120
86 447 392 140
87 448 381 110
88 444.5 383 90
89 441 385 140
90 440.5 381.5 90
91 445 380 90
92 444 360 80